1
2
4
7
9
16
17
20
21
23
28
29
34
42
44
50
51
57
63
68
71
77
81
84
86
87
88
91
93
95
98
101
105
115
116
117
118
119
121
125
129
130
133
134
136
141
142
147
156
157
159
161
167
174
175
179
183
187
189
195
199
201
202
214
216
219
221
225
235
244
247
250
257
260
265
267
269
274
278
281
289
292
295
306
323
325
326
327
329
331
336
343
345
351
354
361
362
366
369
372
374
382
383
387
388
393
403
404
406
410
416
417
425
430
431
437
444
449
452
457
464
467
470
471
474
480
481
482
485
489
492
496
497
504
505
512
514
518
520
523
524
526
527
529
535
537
541
543
546
547
549
551
553
575
577
580
583
587
589
590
591
594
605
613
614
615
628
632
633
637
640
641
643
645
647
649
650
652
654
655
661
662
663
664
666
670
675
679
689
690
691
695
701
710
722
724
725
727
735
737
739
741
746
753
754
755
759
763
765
771
772
775
781
793
807
817
822
831
833
841
842
844
845
852
853
856
859
863
864
866
867
876
881
885
890
902
905
906
913
919
920
923
925
928
932
937
942
943
958
962
970
972
974
975
979
980
982
983
984
987
998
1000
1007
1012
1014
1018
1023
1027
1028
1032
1039
1042
1045
1047
1052
1069
1084
1085
1086
1087
1093
1095
1097
1101
1108
1115
1129
1134
1137
1141
1142
1144
1147
1150
1157
1176
1178
1179
1183
1185
1188
1189
1191
1193
1197
1198
1199
1207
1208
1209
1215
1218
1219
1220
1224
1228
1233
1237
1242
1243
1246
1249
1250
1252
1253
1254
1260
1263
1273
1277
1281
1284
1287
1303
1307
1315
1319
1327
1329
1332
1343
1344
1346
1355
1360
1361
1362
1378
1381
1386
1388
1397
1399
1409
1414
1415
1416
1418
1419
1421
1424
1428
1434
1435
1442
1458
1465
1468
1475
1476
1478
1480
1481
1484
1486
1487
1488
1495
1500
1501
1506
1507
1509
1512
1514
1518
1519
1525
1527
1530
1539
1549
1555
1561
1564
1570
1575
1578
1583
1584
1594
1596
1597
1604
1606
1608
1613
1615
1616
1625
1628
1629
1636
1639
1643
1648
1651
1652
1654
1658
1659
1662
1664
1665
1667
1670
1678
1680
1695
1696
1697
1706
1707
1708
1710
1714
1715
1720
1722
1733
1734
1745
1750
1752
1754
1755
1764
1767
1774
1776
1780
1782
1789
1792
1796
1798
1808
1820
1821
1833
1842
1846
1850
1855
1858
1859
1871
1874
1875
1881
1883
1884
1887
1893
1895
1897
1904
1908
1910
1912
1913
1914
1916
1919
1926
1931
1932
1937
1943
1952
1953
1956
1964
1972
1973
1974
1975
1977
1979
1982
1986
1991
2010
2012
2017
2023
2030
2035
2038
2039
2045
2047
2053
2061
2065
2071
2077
2078
2079
2082
2086
2098
2104
2111
2135
2140
2143
2149
2154
2162
2163
2164
2177
2179
2180
2184
2190
2191
2193
2195
2198
2200
2203
2204
2206
2207
2208
2211
2213
2214
2216
2226
2227
2230
2234
2244
2246
2252
2256
2261
2262
2263
2264
2266
2268
2270
2274
2275
2277
2282
2283
2284
2286
2289
2294
2296
2298
2301
2302
2304
2305
2307
2311
2315
2322
2323
2328
2333
2334
2335
2339
2367
2368
2372
2380
2397
2399
2403
2411
2413
2417
2418
2420
2438
2446
2450
2453
2455
2457
2458
2460
2461
2464
2468
2469
2473
2478
2480
2483
2484
2489
2496
2500
2503
2504
2514
2521
2526
2527
2531
2532
2533
2546
2549
2552
2553
2555
2556
2561
2565
2568
2569
2574
2582
2584
2586
2588
2591
2605
2609
2611
2613
2615
2620
2624
2626
2629
2640
2645
2647
2659
2661
2662
2667
2668
2669
2671
2673
2676
2677
2682
2683
2684
2689
2692
2694
2700
2701
2713
2719
2721
2730
2731
2735
2736
2738
2740
2742
2745
2756
2760
2761
2763
2768
2769
2772
2774
2777
2778
2783
2789
2795
2796
2800
2805
2808
2813
2814
2816
2817
2818
2823
2826
2827
2833
2834
2836
2839
2841
2843
2845
2847
2849
2854
2872
2878
2879
2885
2888
2889
2896
2902
2910
2916
2918
2921
2922
2923
2924
2928
2930
2931
2932
2936
2939
2949
2952
2955
2959
2960
2962
2966
2968
2972
2973
2974
2983
2989
2993
2994
2995
3005
3006
3010
3011
3020
3021
3023
3024
3028
3034
3036
3038
3042
3043
3045
3047
3048
3049
3050
3052
3056
3057
3058
3059
3064
3068
3072
3078
3087
3088
3089
3090
3094
3097
3100
3103
3104
3106
3108
3109
3111
3115
3119
3122
3126
3128
3132
3134
3139
3141
3142
3144
3146
3150
3152
3154
3155
3158
3163
3164
3170
3171
3175
3182
3183
3187
3188
3189
3190
3192
3194
3195
3206
3215
3216
3217
3224
3229
3237
3239
3244
3249
3260
3261
3267
3268
3269
3271
3274
3276
3277
3286
3288
3293
3295
3299
3303
3309
3317
3318
3321
3322
3323
3324
3325
3334
3344
3347
3349
3353
3354
3357
3374
3376
3389
3391
3401
3407
3409
3412
3422
3427
3428
3429
3430
3431
3440
3444
3445
3450
3451
3472
3473
3474
3476
3479
3481
3483
3485
3490
3501
3510
3513
3526
3528
3531
3535
3536
3537
3547
3552
3554
3564
3566
3581
3582
3584
3585
3592
3594
3595
3601
3602
3603
3606
3607
3610
3613
3615
3616
3621
3623
3627
3630
3636
3640
3641
3646
3656
3659
3662
3666
3677
3678
3688
3690
3692
3694
3698
3701
3702
3716
3720
3722
3726
3737
3743
3744
3747
3761
3764
3765
3774
3781
3789
3794
3798
3807
3813
3814
3825
3826
3828
3834
3839
3845
3849
3852
3855
3867
3870
3874
3876
3877
3880
3890
3894
3896
3900
3901
3905
3906
3914
3923
3926
3932
3938
3945
3946
3949
3954
3956
3972
3988
3992
3993
3996
3997
3999
4000
4016
4028
4033
4044
4046
4047
4050
4051
4064
4070
4072
4074
4088
4090
4092
4095
4099
4102
4107
4109
4112
4119
4120
4140
4147
4149
4150
4159
4163
4164
4175
4178
4180
4183
4195
4197
4203
4207
4210
4215
4216
4218
4222
4229
4230
4234
4241
4259
4266
4270
4275
4277
4280
4283
4284
4286
4289
4294
4296
4298
4299
4300
4302
4307
4310
4311
4313
4314
4315
4316
4319
4320
4328
4339
4348
4359
4361
4363
4367
4370
4372
4373
4376
4377
4384
4390
4395
4396
4398
4404
4408
4414
4416
4418
4419
4420
4425
4426
4434
4436
4447
4449
4450
4451
4454
4456
4457
4459
4462
4465
4469
4474
4501
4507
4509
4510
4517
4518
4522
4525
4528
4530
4536
4537
4539
4540
4541
4542
4548
4551
4552
4554
4561
4562
4568
4576
4580
4595
4596
4606
4608
4613
4625
4633
4634
4637
4643
4647
4649
4654
4655
4672
4674
4677
4681
4691
4695
4699
4700
4704
4705
4707
4708
4709
4713
4729
4730
4732
4735
4746
4748
4754
4758
4759
4763
4764
4767
4771
4779
4780
4781
4792
4797
4809
4815
4819
4821
4822
4825
4826
4828
4833
4837
4838
4841
4844
4845
4846
4849
4852
4853
4854
4855
4864
4869
4871
4873
4878
4882
4883
4885
4886
4894
4897
4900
4901
4903
4905
4907
4908
4909
4910
4911
4915
4917
4926
4932
4933
4938
4943
4946
4953
4954
4958
4962
4971
4979
4982
4992
4996
4998
4999
5000
5003
5005
5006
5010
5016
5017
5020
5021
5022
5023
5025
5029
5036
5038
5044
5045
5047
5050
5052
5054
5057
5060
5062
5066
5068
5072
5082
5084
5085
5087
5090
5091
5094
5095
5099
5104
5109
5112
5116
5120
5121
5122
5130
5131
5134
5135
5137
5139
5142
5146
5147
5150
5151
5154
5155
5156
5161
5164
5170
5171
5172
5173
5176
5178
5179
5182
5185
5187
5192
5195
5197
5198
5200
5201
5212
5215
5223
5227
5238
5239
5240
5245
5250
5254
5255
5261
5263
5264
5267
5268
5271
5272
5274
5278
5279
5283
5286
5288
5293
5295
5300
5302
5303
5306
5319
5330
5331
5335
5336
5339
5340
5343
5346
5347
5364
5365
5366
5369
5374
5378
5387
5390
5392
5395
5396
5400
5406
5412
5413
5415
5419
5427
5430
5432
5438
5439
5441
5445
5446
5451
5454
5460
5463
5464
5465
5466
5468
5474
5479
5483
5486
5487
5491
5494
5498
5503
5510
5518
5521
5525
5540
5542
5546
5547
5549
5556
5568
5569
5570
5580
5582
5585
5587
5594
5597
5600
5603
5606
5611
5613
5617
5621
5622
5629
5632
5639
5641
5642
5643
5652
5654
5657
5658
5661
5663
5664
5679
5680
5683
5686
5693
5696
5703
5710
5712
5713
5718
5721
5722
5724
5728
5729
5733
5735
5743
5751
5757
5761
5762
5763
5766
5771
5775
5779
5785
5806
5808
5816
5818
5821
5823
5824
5831
5835
5839
5842
5851
5855
5856
5861
5864
5870
5872
5875
5881
5884
5886
5891
5892
5921
5925
5930
5938
5943
5944
5947
5949
5951
5954
5956
5961
5963
5965
5967
5968
5969
5970
5976
5978
5987
5989
5992
5995
5996
5999
6005
6010
6017
6019
6020
6023
6026
6028
6029
6032
6033
6038
6043
6046
6047
6054
6055
6066
6067
6068
6070
6074
6075
6076
6079
6095
6098
6104
6120
6125
6126
6132
6134
6135
6136
6148
6149
6151
6152
6153
6165
6167
6168
6170
6175
6176
6178
6179
6183
6184
6188
6192
6200
6209
6219
6223
6226
6232
6237
6240
6242
6246
6253
6258
6263
6264
6272
6280
6282
6291
6302
6303
6308
6314
6315
6320
6328
6329
6333
6343
6347
6349
6352
6357
6358
6363
6365
6377
6378
6385
6394
6396
6397
6409
6411
6413
6415
6423
6429
6431
6435
6437
6439
6441
6443
6444
6445
6459
6465
6466
6472
6473
6477
6483
6492
6496
6497
6500
6504
6512
6518
6521
6528
6529
6530
6536
6545
6549
6555
6557
6558
6559
6564
6566
6567
6569
6570
6572
6581
6590
6591
6592
6597
6603
6605
6613
6616
6620
6626
6629
6643
6644
6646
6647
6648
6651
6652
6653
6654
6655
6660
6664
6674
6678
6681
6683
6686
6691
6696
6700
6707
6708
6709
6712
6717
6718
6726
6727
6728
6730
6733
6735
6736
6737
6741
6746
6755
6756
6762
6764
6766
6769
6779
6785
6786
6791
6792
6794
6797
6798
6800
6801
6807
6809
6811
6815
6818
6834
6838
6841
6846
6851
6852
6855
6873
6874
6881
6882
6884
6885
6887
6898
6903
6908
6913
6915
6921
6923
6930
6931
6936
6940
6947
6948
6950
6951
6956
6964
6966
6972
6975
6978
6983
6987
6989
6991
6996
6999
7005
7007
7010
7016
7019
7023
7024
7027
7032
7035
7037
7039
7046
7053
7056
7058
7061
7062
7070
7077
7090
7092
7094
7105
7106
7108
7109
7110
7116
7118
7120
7123
7125
7127
7133
7137
7144
7145
7148
7159
7163
7164
7166
7172
7173
7175
7177
7178
7180
7182
7184
7187
7188
7190
7193
7196
7206
7207
7210
7215
7220
7224
7225
7227
7228
7233
7235
7237
7238
7242
7247
7259
7262
7274
7279
7282
7294
7295
7297
7301
7303
7304
7306
7309
7310
7311
7312
7313
7314
7316
7319
7321
7323
7324
7328
7335
7336
7338
7342
7346
7347
7348
7350
7353
7357
7358
7378
7381
7383
7389
7391
7392
7393
7395
7398
7405
7421
7423
7433
7434
7435
7440
7443
7448
7453
7454
7455
7460
7462
7465
7467
7469
7471
7474
7481
7484
7487
7490
7493
7497
7499
7500
7501
7505
7506
7507
7514
7524
7526
7527
7528
7530
7533
7544
7547
7548
7550
7551
7552
7557
7562
7563
7564
7565
7567
7571
7573
7574
7575
7576
7579
7584
7588
7589
7590
7596
7598
7612
7615
7619
7620
7629
7630
7634
7635
7636
7641
7645
7653
7655
7657
7662
7666
7668
7669
7670
7675
7688
7691
7699
7701
7705
7707
7709
7710
7713
7717
7718
7719
7722
7732
7737
7739
7742
7745
7747
7751
7756
7762
7765
7766
7771
7773
7777
7782
7783
7786
7788
7812
7818
7819
7824
7828
7838
7840
7843
7847
7848
7856
7858
7859
7860
7865
7866
7867
7870
7873
7874
7878
7890
7891
7892
7894
7897
7898
7900
7908
7915
7924
7926
7930
7933
7934
7945
7946
7947
7950
7951
7964
7971
7972
7976
7986
7987
7994
7997
7998
8004
8026
8039
8040
8045
8047
8048
8049
8050
8051
8068
8069
8074
8077
8079
8088
8093
8100
8108
8116
8120
8122
8126
8138
8141
8145
8149
8153
8155
8160
8171
8174
8175
8182
8184
8185
8186
8188
8189
8190
8201
8203
8210
8216
8217
8225
8227
8231
8233
8238
8241
8247
8251
8252
8254
8256
8257
8262
8268
8272
8273
8278
8282
8288
8298
8299
8306
8307
8310
8314
8316
8317
8321
8322
8327
8339
8343
8344
8346
8349
8354
8358
8366
8367
8368
8369
8371
8374
8376
8377
8378
8379
8381
8386
8388
8401
8402
8403
8413
8414
8417
8419
8425
8435
8436
8442
8444
8445
8447
8450
8457
8461
8463
8464
8465
8468
8469
8472
8478
8482
8489
8491
8498
8499
8501
8504
8507
8509
8514
8515
8516
8520
8526
8529
8531
8542
8544
8560
8567
8568
8570
8582
8584
8593
8596
8599
8609
8614
8615
8616
8617
8623
8624
8626
8629
8633
8635
8636
8638
8639
8640
8641
8644
8657
8662
8664
8665
8669
8670
8672
8680
8691
8694
8695
8714
8715
8720
8722
8728
8733
8737
8738
8739
8742
8743
8746
8751
8752
8753
8756
8764
8767
8771
8773
8774
8775
8780
8784
8785
8787
8788
8794
8795
8802
8805
8808
8809
8812
8813
8826
8841
8849
8850
8852
8855
8856
8859
8860
8863
8864
8868
8870
8871
8876
8877
8878
8880
8881
8885
8886
8887
8888
8893
8896
8905
8906
8912
8913
8922
8923
8924
8927
8930
8935
8941
8945
8946
8950
8953
8956
8959
8961
8962
8964
8967
8976
8984
8986
8987
8990
8993
8994
9005
9007
9009
9013
9020
9024
9028
9030
9033
9036
9037
9046
9053
9055
9057
9061
9065
9071
9075
9081
9087
9090
9091
9099
9102
9103
9105
9109
9113
9122
9124
9126
9127
9131
9142
9144
9146
9147
9157
9159
9161
9162
9178
9185
9186
9187
9189
9193
9198
9200
9209
9210
9212
9214
9217
9223
9225
9228
9229
9236
9238
9239
9244
9245
9248
9251
9258
9265
9266
9268
9270
9271
9281
9306
9310
9317
9319
9321
9322
9327
9328
9330
9333
9343
9345
9350
9352
9354
9355
9356
9362
9370
9372
9376
9378
9384
9387
9400
9414
9415
9423
9431
9433
9434
9438
9453
9457
9467
9469
9474
9476
9477
9482
9484
9487
9489
9491
9493
9496
9497
9499
9510
9513
9515
9517
9522
9523
9526
9535
9536
9545
9552
9563
9565
9570
9578
9579
9583
9586
9587
9591
9593
9601
9603
9607
9611
9616
9622
9633
9636
9638
9639
9643
9647
9648
9654
9656
9658
9669
9671
9674
9675
9676
9683
9684
9686
9691
9694
9695
9697
9699
9700
9701
9705
9708
9712
9719
9721
9727
9729
9733
9743
9750
9753
9756
9759
9765
9767
9770
9772
9778
9781
9787
9788
9798
9799
9800
9801
9802
9803
9806
9808
9810
9812
9821
9826
9830
9835
9837
9839
9841
9842
9845
9855
9860
9866
9867
9874
9883
9885
9892
9897
9906
9911
9912
9915
9927
9933
9934
9944
9952
9955
9956
9964
9965
9966
9967
9972
9981
9982
9984
9986
9991
9993
10000
10002
10004
10012
10013
10015
10018
10019
10020
10021
10028
10032
10034
10037
10038
10043
10046
10050
10054
10061
10062
10069
10070
10082
10089
10092
10102
10108
10109
10111
10113
10116
10119
10122
10127
10130
10140
10143
10144
10145
10146
10147
10151
10157
10162
10163
10165
10168
10169
10173
10174
10185
10190
10191
10194
10195
10198
10199
10202
10206
10210
10212
10219
10223
10225
10226
10232
10233
10237
10245
10246
10247
10249
10251
10257
10260
10262
10266
10267
10270
10273
10279
10285
10289
10297
10298
10299
10302
10309
10310
10312
10317
10321
10323
10328
10331
10337
10348
10351
10353
10365
10368
10375
10381
10382
10383
10387
10393
10396
10402
10405
10410
10413
10414
10423
10433
10440
10447
10463
10466
10479
10482
10484
10488
10489
10493
10494
10497
10500
10502
10511
10512
10517
10523
10529
10531
10534
10535
10537
10538
10543
10544
10545
10546
10550
10563
10564
10569
10573
10575
10579
10582
10591
10592
10594
10598
10607
10608
10610
10619
10625
10627
10628
10634
10635
10636
10640
10643
10644
10650
10660
10663
10666
10667
10674
10675
10677
10682
10683
10693
10704
10706
10708
10711
10714
10716
10719
10720
10721
10726
10731
10738
10740
10742
10743
10746
10761
10762
10764
10765
10767
10769
10772
10776
10778
10781
10784
10791
10805
10807
10808
10810
10814
10816
10818
10825
10827
10831
10832
10837
10840
10841
10853
10854
10855
10866
10872
10876
10881
10891
10892
10893
10900
10907
10911
10913
10917
10919
10932
10933
10942
10948
10952
10954
10960
10961
10968
10974
10975
10977
10982
10983
10984
10985
10989
11001
11002
11004
11006
11009
11014
11024
11034
11036
11039
11042
11043
11044
11048
11049
11059
11061
11069
11071
11073
11081
11083
11086
11091
11093
11107
11109
11112
11113
11115
11118
11127
11131
11134
11149
11153
11161
11162
11163
11164
11166
11167
11169
11175
11177
11178
11180
11184
11185
11187
11189
11190
11193
11194
11197
11199
11201
11202
11206
11208
11211
11212
11214
11215
11216
11218
11219
11220
11225
11232
11233
11246
11250
11255
11261
11265
11271
11272
11277
11279
11280
11284
11294
11295
11304
11312
11318
11320
11323
11336
11348
11361
11362
11363
11367
11371
11373
11390
11394
11396
11399
11400
11405
11410
11411
11413
11417
11418
11420
11424
11426
11427
11431
11435
11436
11438
11440
11445
11452
11455
11456
11457
11460
11461
11464
11468
11471
11473
11474
11476
11485
11486
11491
11495
11496
11506
11513
11515
11523
11525
11529
11532
11533
11537
11543
11546
11549
11550
11551
11554
11560
11561
11564
11565
11568
11571
11574
11585
11586
11588
11590
11591
11593
11596
11598
11599
11600
11602
11609
11610
11614
11617
11618
11623
11624
11627
11632
11644
11648
11649
11651
11652
11662
11672
11673
11674
11676
11679
11684
11685
11690
11694
11699
11703
11706
11708
11711
11715
11716
11723
11727
11736
11738
11742
11753
11755
11756
11757
11763
11772
11777
11779
11780
11783
11789
11812
11817
11821
11828
11829
11837
11840
11844
11846
11848
11850
11870
11872
11873
11875
11880
11884
11886
11888
11892
11899
11902
11912
11919
11927
11928
11940
11944
11947
11950
11955
11959
11960
11963
11965
11968
11969
11981
11993
11998
12004
12005
12009
12012
12013
12017
12023
12025
12026
12027
12028
12029
12034
12039
12045
12049
12050
12051
12055
12056
12057
12062
12063
12071
12078
12080
12081
12084
12085
12087
12091
12097
12100
12105
12111
12115
12126
12127
12140
12144
12146
12150
12152
12162
12163
12164
12165
12166
12167
12170
12175
12176
12177
12189
12194
12199
12204
12208
12213
12214
12218
12224
12227
12240
12243
12249
12260
12264
12265
12267
12270
12274
12276
12278
12279
12284
12286
12289
12294
12302
12306
12308
12316
12324
12340
12342
12345
12354
12355
12356
12357
12361
12365
12366
12368
12377
12378
12381
12388
12391
12396
12397
12399
12401
12404
12405
12408
12411
12413
12423
12424
12427
12428
12429
12434
12449
12451
12458
12460
12477
12480
12488
12491
12503
12511
12512
12514
12522
12524
12532
12533
12535
12537
12548
12550
12552
12554
12556
12557
12563
12564
12576
12580
12583
12585
12593
12594
12596
12597
12603
12606
12607
12609
12612
12616
12618
12621
12622
12630
12634
12637
12639
12640
12643
12645
12646
12653
12656
12657
12658
12661
12665
12670
12673
12685
12686
12687
12688
12696
12697
12698
12699
12701
12706
12716
12720
12722
12729
12739
12744
12746
12748
12755
12757
12758
12759
12760
12765
12775
12779
12780
12782
12783
12785
12786
12791
12797
12800
12801
12802
12803
12805
12806
12813
12814
12815
12816
12818
12821
12828
12832
12835
12839
12842
12845
12846
12848
12853
12855
12861
12865
12867
12868
12873
12874
12881
12882
12889
12892
12894
12895
12896
12900
12904
12905
12907
12909
12911
12913
12916
12920
12923
12924
12925
12927
12928
12930
12937
12940
12942
12943
12945
12946
12947
12948
12950
12956
12961
12966
12967
12978
12979
12983
12985
12992
12993
12995
12996
12999
13001
13003
13009
13016
13018
13024
13025
13026
13029
13037
13038
13048
13049
13052
13055
13059
13061
13073
13075
13077
13078
13086
13087
13090
13095
13101
13109
13110
13115
13118
13119
13122
13127
13133
13136
13138
13140
13142
13145
13147
13153
13160
13164
13167
13170
13171
13173
13176
13177
13187
13190
13191
13192
13193
13196
13197
13199
13201
13205
13206
13210
13212
13215
13219
13224
13230
13231
13236
13238
13239
13249
13264
13265
13266
13275
13277
13282
13284
13285
13291
13292
13295
13302
13303
13307
13311
13316
13318
13319
13325
13342
13346
13351
13352
13355
13356
13363
13366
13367
13372
13380
13381
13384
13386
13389
13390
13393
13402
13404
13405
13410
13417
13420
13422
13424
13431
13432
13435
13440
13444
13449
13451
13457
13459
13461
13466
13467
13468
13474
13481
13484
13489
13491
13498
13499
13503
13510
13512
13515
13518
13526
13532
13533
13534
13535
13540
13543
13546
13548
13549
13552
13554
13569
13570
13573
13576
13580
13593
13597
13598
13602
13606
13610
13613
13615
13619
13620
13622
13626
13635
13649
13650
13654
13658
13663
13664
13665
13668
13671
13672
13678
13690
13695
13697
13702
13704
13705
13706
13708
13711
13717
13719
13724
13731
13732
13735
13742
13745
13748
13749
13754
13756
13758
13761
13764
13766
13768
13772
13776
13780
13785
13789
13790
13791
13805
13806
13820
13829
13830
13832
13833
13836
13858
13867
13872
13892
13896
13899
13903
13907
13912
13914
13919
13920
13923
13927
13932
13933
13937
13943
13946
13947
13948
13953
13954
13958
13963
13964
13971
13985
13987
13995
13996
14000
14001
14004
14006
14009
14014
14015
14017
14020
14024
14028
14032
14033
14034
14043
14044
14047
14048
14050
14052
14055
14060
14069
14072
14075
14079
14080
14085
14099
14102
14111
14113
14121
14131
14133
14137
14138
14140
14141
14144
14146
14147
14149
14150
14151
14152
14155
14162
14165
14167
14168
14175
14180
14187
14193
14209
14210
14212
14216
14218
14220
14222
14226
14228
14233
14237
14238
14239
14244
14248
14251
14252
14253
14254
14256
14259
14260
14263
14265
14269
14273
14280
14285
14288
14292
14293
14294
14300
14301
14310
14320
14324
14326
14341
14346
14347
14355
14358
14361
14362
14381
14384
14388
14394
14397
14398
14404
14405
14412
14414
14422
14424
14431
14434
14442
14445
14446
14463
14464
14466
14467
14471
14486
14488
14495
14498
14502
14504
14508
14510
14516
14519
14522
14525
14529
14531
14541
14542
14554
14555
14565
14574
14589
14591
14593
14594
14597
14601
14608
14617
14622
14624
14626
14631
14632
14637
14641
14643
14644
14646
14649
14650
14651
14652
14656
14657
14663
14667
14671
14674
14681
14692
14693
14697
14698
14701
14711
14721
14722
14723
14725
14734
14743
14747
14751
14756
14760
14762
14763
14773
14777
14781
14783
14790
14791
14797
14807
14811
14812
14825
14833
14839
14841
14848
14850
14852
14857
14859
14860
14862
14863
14865
14872
14873
14874
14875
14878
14880
14881
14885
14888
14891
14901
14903
14904
14916
14917
14918
14919
14932
14943
14945
14949
14952
14953
14960
14961
14963
14966
14967
14972
14982
14989
14998
14999
15004
15007
15014
15015
15018
15025
15027
15036
15038
15041
15045
15049
15051
15052
15057
15059
15068
15069
15072
15073
15074
15075
15076
15078
15079
15086
15087
15088
15098
15106
15108
15110
15112
15116
15122
15124
15126
15129
15131
15134
15136
15139
15148
15151
15159
15170
15172
15176
15177
15182
15188
15191
15194
15196
15202
15207
15208
15209
15219
15221
15227
15233
15234
15242
15243
15246
15248
15249
15253
15254
15262
15263
15267
15268
15274
15277
15279
15280
15286
15298
15303
15305
15307
15312
15317
15319
15321
15327
15329
15339
15340
15349
15353
15360
15361
15362
15367
15368
15369
15375
15385
15386
15387
15388
15391
15393
15395
15401
15402
15406
15417
15426
15427
15430
15432
15436
15445
15450
15453
15457
15461
15473
15479
15483
15489
15493
15495
15500
15505
15511
15515
15519
15523
15524
15525
15526
15528
15531
15535
15540
15542
15558
15561
15565
15567
15568
15571
15580
15582
15591
15596
15599
15607
15608
15609
15610
15615
15618
15619
15620
15624
15628
15635
15640
15642
15644
15645
15650
15655
15656
15658
15659
15662
15664
15668
15669
15674
15679
15680
15684
15703
15707
15717
15718
15723
15724
15728
15730
15732
15739
15741
15745
15750
15754
15762
15765
15766
15771
15780
15792
15794
15797
15800
15804
15808
15813
15823
15824
15832
15837
15843
15847
15851
15857
15859
15864
15878
15879
15881
15885
15886
15896
15900
15905
15908
15910
15911
15914
15920
15921
15922
15923
15926
15930
15932
15933
15934
15937
15950
15963
15972
15977
15991
16002
16005
16006
16012
16013
16014
16017
16018
16028
16032
16035
16036
16039
16040
16046
16048
16051
16055
16066
16067
16072
16073
16074
16092
16101
16103
16105
16110
16125
16127
16128
16129
16131
16134
16136
16140
16144
16150
16152
16154
16155
16159
16162
16163
16170
16177
16181
16182
16197
16201
16203
16205
16214
16223
16228
16239
16254
16255
16259
16262
16265
16267
16271
16276
16289
16291
16294
16295
16297
16309
16310
16311
16316
16319
16335
16336
16346
16351
16357
16360
16362
16363
16364
16369
16374
16376
16377
16379
16380
16383
16384
16393
16397
16405
16407
16412
16413
16414
16419
16420
16429
16430
16431
16433
16437
16442
16453
16467
16469
16471
16479
16485
16487
16489
16490
16503
16506
16509
16511
16521
16525
16527
16530
16531
16534
16536
16539
16544
16554
16559
16560
16564
16570
16587
16588
16589
16599
16607
16611
16625
16627
16628
16631
16634
16645
16649
16668
16675
16678
16680
16688
16693
16695
16698
16700
16703
16708
16712
16714
16715
16716
16718
16719
16720
16723
16733
16739
16741
16743
16745
16748
16751
16756
16757
16762
16768
16772
16785
16796
16800
16804
16806
16808
16809
16812
16813
16815
16818
16821
16826
16837
16847
16848
16851
16854
16856
16862
16865
16867
16868
16870
16873
16874
16876
16877
16888
16889
16893
16896
16897
16908
16913
16916
16922
16926
16927
16932
16933
16934
16946
16947
16949
16950
16951
16952
16960
16974
16978
16989
16991
16992
16999
17000
17001
17002
17006
17013
17017
17018
17046
17048
17053
17062
17070
17078
17082
17083
17084
17086
17092
17093
17103
17104
17106
17107
17109
17110
17111
17123
17126
17127
17130
17141
17144
17145
17152
17160
17163
17164
17168
17170
17172
17173
17180
17188
17193
17197
17200
17202
17213
17216
17218
17228
17247
17249
17254
17262
17264
17269
17272
17275
17277
17282
17284
17285
17290
17294
17295
17296
17312
17319
17320
17328
17330
17332
17337
17339
17341
17350
17352
17353
17362
17363
17369
17374
17380
17399
17403
17407
17416
17418
17422
17433
17434
17436
17437
17441
17444
17447
17450
17468
17471
17477
17479
17480
17484
17490
17492
17499
17502
17506
17510
17515
17517
17519
17521
17522
17524
17532
17533
17536
17545
17546
17547
17548
17551
17552
17560
17563
17564
17570
17571
17575
17581
17583
17584
17587
17591
17592
17594
17595
17598
17600
17602
17605
17608
17614
17619
17623
17625
17627
17628
17629
17637
17638
17640
17650
17655
17656
17657
17663
17664
17666
17668
17669
17670
17681
17688
17689
17690
17692
17695
17702
17707
17708
17731
17735
17736
17738
17739
17740
17743
17747
17750
17751
17754
17757
17758
17761
17765
17766
17767
17769
17777
17780
17784
17787
17788
17790
17792
17801
17802
17804
17808
17813
17816
17819
17823
17830
17831
17832
17837
17840
17842
17845
17847
17848
17850
17851
17852
17853
17854
17855
17858
17860
17863
17867
17869
17870
17873
17880
17888
17889
17896
17897
17899
17900
17902
17904
17906
17908
17911
17915
17919
17927
17929
17930
17932
17933
17935
17945
17946
17964
17969
17970
17971
17978
17980
17981
17986
17989
17990
17991
18000
18019
18023
18024
18026
18027
18043
18044
18047
18050
18052
18056
18065
18069
18074
18082
18090
18095
18101
18113
18116
18118
18121
18122
18124
18129
18130
18131
18132
18141
18151
18153
18154
18157
18158
18160
18164
18169
18170
18174
18177
18181
18184
18192
18196
18197
18201
18202
18205
18206
18209
18220
18227
18233
18238
18239
18243
18245
18250
18253
18256
18261
18264
18269
18274
18275
18276
18283
18286
18289
18290
18292
18299
18311
18317
18319
18322
18330
18335
18337
18338
18351
18358
18360
18363
18365
18366
18367
18370
18371
18376
18378
18388
18395
18396
18399
18403
18412
18415
18417
18419
18428
18432
18438
18439
18441
18444
18448
18449
18452
18456
18461
18463
18468
18471
18477
18479
18480
18481
18484
18486
18501
18513
18514
18515
18517
18520
18521
18526
18528
18534
18535
18542
18543
18545
18549
18553
18555
18565
18566
18567
18572
18576
18581
18582
18586
18588
18589
18594
18596
18597
18599
18602
18608
18613
18621
18626
18628
18631
18632
18639
18646
18648
18649
18652
18654
18658
18659
18660
18662
18663
18665
18667
18669
18675
18688
18692
18699
18702
18703
18704
18705
18719
18725
18727
18729
18735
18736
18738
18743
18766
18769
18771
18777
18783
18785
18786
18787
18801
18804
18805
18806
18810
18812
18814
18816
18818
18821
18823
18824
18828
18832
18838
18841
18850
18860
18865
18870
18872
18878
18896
18900
18907
18912
18916
18919
18924
18927
18929
18933
18937
18943
18945
18949
18962
18963
18964
18966
18969
18971
18972
18973
18974
18979
18993
18999
19003
19005
19006
19007
19015
19026
19029
19032
19037
19040
19041
19047
19049
19057
19063
19064
19070
19071
19074
19080
19082
19087
19088
19095
19100
19104
19108
19114
19115
19124
19129
19139
19140
19145
19150
19151
19154
19162
19163
19168
19176
19180
19185
19195
19207
19211
19212
19213
19216
19220
19223
19226
19229
19238
19244
19245
19246
19254
19269
19272
19276
19279
19282
19285
19291
19293
19295
19298
19301
19302
19304
19312
19314
19316
19319
19323
19328
19332
19335
19340
19343
19349
19350
19351
19353
19354
19355
19356
19360
19362
19364
19365
19367
19368
19370
19373
19380
19381
19387
19394
19396
19405
19414
19421
19425
19437
19440
19441
19442
19443
19445
19446
19449
19450
19451
19453
19464
19469
19470
19477
19478
19488
19490
19493
19496
19499
19503
19506
19509
19510
19511
19515
19517
19521
19530
19535
19537
19539
19541
19545
19550
19553
19561
19565
19567
19569
19570
19573
19574
19575
19576
19578
19579
19591
19593
19594
19599
19601
19602
19604
19605
19612
19620
19623
19624
19627
19629
19633
19634
19641
19644
19647
19655
19661
19663
19664
19667
19670
19671
19672
19673
19674
19675
19680
19688
19690
19697
19703
19705
19706
19707
19708
19711
19714
19717
19719
19720
19724
19726
19728
19729
19730
19736
19740
19742
19744
19748
19750
19751
19752
19756
19762
19764
19768
19769
19770
19774
19776
19782
19785
19791
19794
19797
19799
19800
19802
19809
19817
19818
19821
19822
19823
19827
19828
19830
19831
19835
19839
19847
19849
19851
19855
19859
19861
19863
19865
19866
19867
19873
19874
19879
19882
19885
19890
19895
19902
19905
19911
19912
19917
19919
19920
19928
19931
19946
19951
19952
19956
19959
19968
19971
19973
19974
19976
19977
19978
19980
19982
19984
19996
19999
20000
20001
20008
20011
20019
20022
20027
20042
20043
20047
20049
20050
20054
20055
20056
20061
20063
20067
20072
20074
20087
20091
20093
20094
20095
20097
20099
20101
20110
20111
20113
20122
20124
20125
20134
20135
20139
20141
20143
20145
20147
20149
20151
20159
20168
20169
20173
20175
20180
20181
20184
20185
20189
20194
20196
20197
20201
20202
20203
20205
20206
20207
20209
20214
20218
20221
20231
20233
20238
20240
20241
20243
20245
20246
20251
20258
20261
20262
20263
20267
20270
20273
20276
20280
20281
20282
20284
20286
20287
20288
20291
20293
20294
20295
20298
20301
20305
20307
20309
20312
20317
20321
20322
20325
20333
20339
20344
20346
20350
20354
20357
20361
20366
20367
20368
20373
20374
20377
20390
20394
20395
20403
20406
20407
20408
20412
20418
20422
20425
20433
20434
20435
20437
20440
20446
20450
20452
20455
20458
20459
20461
20465
20466
20469
20470
20474
20477
20481
20482
20488
20491
20510
20512
20513
20518
20519
20526
20527
20530
20532
20534
20537
20541
20543
20545
20547
20548
20550
20552
20554
20559
20563
20570
20572
20576
20582
20595
20597
20601
20606
20613
20614
20615
20618
20619
20623
20626
20627
20632
20633
20634
20643
20646
20650
20653
20654
20656
20660
20669
20673
20678
20679
20680
20681
20683
20684
20689
20690
20692
20694
20695
20698
20701
20704
20706
20708
20711
20714
20715
20716
20718
20719
20723
20725
20740
20751
20756
20759
20769
20773
20778
20780
20789
20808
20818
20819
20832
20834
20838
20839
20842
20853
20855
20857
20858
20863
20873
20879
20885
20905
20909
20924
20929
20931
20932
20935
20940
20950
20954
20959
20960
20961
20963
20980
20983
20986
20989
20996
20997
21000
21004
21018
21027
21033
21034
21035
21041
21045
21047
21064
21066
21073
21075
21077
21078
21084
21085
21087
21089
21101
21108
21110
21115
21117
21118
21119
21126
21127
21130
21132
21133
21137
21144
21147
21148
21150
21159
21163
21171
21173
21175
21179
21183
21185
21188
21195
21201
21208
21210
21211
21214
21218
21220
21223
21228
21233
21235
21236
21238
21240
21243
21246
21250
21252
21253
21259
21260
21261
21263
21268
21270
21272
21280
21285
21297
21300
21301
21313
21317
21325
21326
21332
21342
21344
21350
21356
21360
21370
21373
21375
21376
21389
21392
21402
21405
21409
21412
21418
21421
21427
21430
21437
21446
21448
21453
21463
21469
21471
21475
21493
21501
21502
21503
21509
21524
21525
21532
21537
21538
21545
21563
21570
21575
21578
21583
21587
21588
21594
21597
21598
21602
21603
21608
21613
21614
21621
21627
21628
21629
21635
21637
21638
21639
21640
21644
21648
21649
21663
21666
21672
21674
21675
21688
21691
21692
21698
21700
21708
21711
21714
21716
21720
21726
21740
21754
21757
21758
21769
21770
21772
21774
21775
21779
21781
21782
21792
21797
21804
21813
21815
21827
21832
21836
21837
21838
21843
21844
21848
21849
21856
21864
21865
21866
21868
21879
21881
21883
21884
21885
21893
21898
21902
21908
21909
21913
21918
21925
21929
21930
21932
21937
21938
21948
21950
21957
21959
21960
21962
21967
21968
21975
21979
21981
21982
21984
21986
21987
21994
21995
21998
22002
22003
22006
22011
22031
22032
22036
22038
22042
22047
22052
22058
22060
22065
22066
22071
22074
22077
22078
22086
22088
22105
22111
22116
22117
22122
22125
22126
22131
22135
22137
22139
22142
22143
22148
22157
22163
22170
22181
22182
22183
22199
22200
22202
22213
22214
22215
22216
22217
22219
22220
22247
22258
22262
22265
22267
22268
22270
22273
22289
22292
22297
22299
22301
22304
22315
22333
22347
22348
22349
22356
22372
22373
22377
22395
22402
22407
22410
22412
22414
22418
22423
22426
22430
22431
22432
22435
22438
22440
22443
22447
22456
22457
22458
22459
22468
22470
22471
22473
22476
22478
22480
22482
22490
22491
22494
22501
22506
22511
22521
22523
22525
22526
22540
22545
22548
22549
22551
22554
22560
22565
22566
22567
22571
22572
22583
22586
22587
22588
22590
22593
22601
22602
22605
22606
22612
22616
22619
22620
22621
22625
22626
22634
22637
22646
22651
22659
22662
22666
22668
22673
22696
22699
22702
22709
22713
22717
22720
22723
22724
22725
22728
22729
22736
22738
22741
22748
22750
22752
22753
22755
22760
22769
22771
22773
22774
22777
22782
22783
22800
22812
22813
22824
22826
22831
22835
22836
22837
22839
22840
22848
22857
22862
22866
22868
22870
22872
22875
22877
22879
22881
22882
22884
22892
22893
22895
22896
22901
22903
22905
22909
22922
22923
22924
22925
22927
22929
22931
22932
22935
22943
22944
22946
22947
22951
22954
22959
22960
22967
22975
22978
22979
22980
22982
22987
22988
22992
22994
22996
22999
23001
23005
23008
23009
23015
23030
23044
23050
23052
23053
23055
23062
23066
23071
23074
23080
23092
23096
23097
23100
23106
23109
23110
23116
23117
23121
23130
23132
23138
23141
23143
23146
23150
23155
23157
23158
23166
23168
23170
23173
23178
23181
23194
23196
23205
23213
23218
23219
23220
23225
23228
23229
23230
23234
23235
23236
23237
23255
23258
23262
23269
23270
23276
23277
23280
23286
23292
23296
23299
23303
23305
23320
23321
23331
23333
23336
23337
23340
23352
23365
23374
23378
23380
23382
23387
23396
23400
23407
23410
23418
23424
23426
23430
23434
23437
23441
23442
23447
23449
23457
23461
23463
23464
23465
23467
23473
23477
23480
23487
23490
23494
23495
23496
23501
23507
23513
23514
23519
23521
23523
23527
23531
23532
23534
23537
23543
23550
23552
23555
23556
23560
23562
23566
23572
23574
23578
23583
23591
23605
23608
23610
23630
23633
23637
23642
23643
23644
23647
23651
23652
23658
23660
23662
23664
23678
23681
23685
23688
23693
23700
23705
23710
23722
23724
23732
23735
23757
23760
23761
23766
23779
23780
23783
23789
23790
23808
23810
23814
23817
23823
23829
23833
23848
23854
23856
23857
23860
23861
23862
23866
23869
23873
23881
23890
23900
23906
23908
23913
23914
23915
23918
23923
23926
23927
23932
23939
23941
23943
23945
23953
23956
23959
23960
23961
23969
23970
23973
23977
23979
23981
23990
23999
24003
24004
24007
24008
24010
24013
24019
24020
24026
24027
24029
24033
24037
24042
24049
24056
24064
24071
24073
24077
24078
24083
24088
24090
24094
24103
24112
24115
24117
24120
24123
24130
24139
24145
24146
24148
24159
24160
24163
24165
24167
24168
24169
24171
24173
24178
24187
24189
24190
24191
24208
24211
24215
24217
24226
24228
24231
24234
24238
24243
24249
24253
24255
24266
24269
24273
24274
24285
24286
24298
24301
24303
24304
24305
24315
24316
24321
24325
24333
24336
24337
24341
24342
24346
24354
24355
24356
24357
24358
24363
24367
24372
24378
24384
24388
24389
24394
24401
24410
24414
24415
24417
24428
24435
24439
24444
24457
24459
24471
24480
24484
24486
24491
24492
24495
24510
24512
24513
24521
24522
24525
24537
24541
24542
24543
24549
24552
24554
24556
24561
24564
24566
24567
24571
24579
24580
24586
24595
24601
24606
24609
24614
24616
24622
24628
24631
24637
24640
24642
24644
24646
24648
24656
24661
24662
24667
24668
24678
24686
24688
24695
24701
24702
24704
24705
24712
24720
24721
24722
24725
24730
24733
24734
24736
24741
24742
24745
24751
24754
24756
24759
24761
24764
24767
24774
24775
24776
24777
24778
24779
24782
24783
24788
24789
24793
24794
24795
24796
24799
24810
24813
24814
24816
24818
24819
24823
24824
24826
24829
24831
24833
24839
24840
24854
24868
24869
24879
24889
24890
24896
24897
24901
24906
24907
24908
24914
24919
24922
24926
24929
24930
24935
24939
24942
24943
24945
24946
24949
24950
24952
24955
24958
24960
24962
24963
24964
24966
24969
24970
24971
24972
24978
24980
24981
25002
25005
25006
25007
25008
25010
25012
25018
25019
25021
25022
25025
25031
25032
25041
25044
25050
25051
25053
25054
25055
25064
25066
25072
25077
25083
25088
25095
25100
25101
25102
25104
25107
25110
25111
25112
25114
25115
25116
25119
25120
25125
25129
25131
25148
25150
25151
25168
25169
25176
25177
25179
25180
25189
25190
25194
25201
25202
25203
25210
25213
25217
25219
25223
25224
25226
25227
25229
25230
25231
25234
25240
25242
25243
25245
25247
25249
25251
25254
25259
25264
25266
25273
25276
25278
25279
25280
25281
25289
25295
25299
25304
25309
25312
25314
25316
25323
25328
25331
25332
25333
25338
25340
25343
25344
25347
25359
25362
25373
25375
25377
25379
25380
25384
25386
25394
25395
25401
25403
25409
25412
25413
25415
25418
25421
25422
25427
25431
25437
25438
25445
25450
25451
25452
25453
25457
25462
25467
25468
25471
25473
25474
25476
25477
25484
25486
25491
25492
25499
25502
25504
25510
25511
25516
25518
25521
25526
25527
25533
25534
25542
25548
25549
25557
25559
25569
25571
25574
25575
25578
25580
25582
25585
25586
25591
25599
25602
25616
25617
25625
25627
25629
25635
25639
25644
25646
25650
25652
25660
25663
25667
25668
25676
25677
25678
25680
25690
25693
25695
25701
25704
25705
25706
25711
25712
25715
25716
25720
25728
25729
25738
25747
25752
25761
25763
25764
25768
25770
25773
25775
25776
25778
25780
25783
25784
25785
25787
25788
25793
25796
25797
25809
25810
25815
25816
25819
25821
25823
25825
25826
25832
25833
25837
25839
25840
25841
25848
25855
25856
25857
25866
25871
25874
25880
25885
25889
25896
25903
25909
25910
25911
25913
25914
25915
25928
25941
25952
25954
25955
25960
25962
25964
25973
25978
25980
25984
25991
25993
25994
25995
26004
26014
26015
26016
26017
26019
26020
26025
26027
26029
26031
26032
26034
26036
26039
26040
26042
26043
26049
26056
26057
26059
26072
26089
26101
26102
26120
26126
26131
26135
26137
26144
26150
26153
26154
26156
26158
26163
26164
26173
26175
26179
26184
26189
26192
26193
26195
26196
26202
26203
26207
26210
26211
26212
26218
26228
26237
26243
26244
26247
26248
26251
26253
26260
26265
26266
26268
26273
26277
26280
26285
26294
26295
26302
26308
26312
26314
26318
26320
26322
26324
26325
26329
26339
26340
26344
26350
26355
26359
26364
26365
26369
26373
26375
26379
26380
26389
26396
26398
26399
26401
26404
26406
26410
26412
26416
26424
26425
26427
26430
26436
26452
26453
26460
26463
26470
26478
26479
26481
26487
26489
26493
26494
26497
26502
26525
26538
26539
26543
26546
26547
26548
26550
26553
26554
26555
26557
26570
26575
26578
26581
26584
26585
26586
26588
26598
26602
26603
26606
26610
26611
26613
26614
26620
26625
26630
26631
26632
26634
26636
26637
26643
26646
26650
26666
26671
26674
26676
26684
26688
26694
26697
26698
26699
26705
26707
26708
26717
26718
26720
26724
26727
26730
26735
26748
26749
26750
26760
26762
26763
26764
26766
26768
26769
26778
26781
26783
26784
26790
26793
26795
26803
26805
26807
26810
26812
26817
26820
26822
26827
26831
26852
26856
26857
26865
26866
26868
26872
26881
26885
26895
26897
26903
26913
26914
26916
26930
26933
26939
26942
26943
26946
26948
26955
26956
26957
26964
26966
26970
26977
26985
26988
26989
26994
26995
26997
26998
26999
27000
27006
27016
27018
27020
27022
27024
27025
27027
27037
27042
27044
27045
27047
27049
27051
27052
27056
27060
27061
27062
27064
27067
27068
27069
27075
27077
27078
27079
27080
27081
27084
27085
27090
27094
27097
27099
27105
27126
27128
27133
27136
27138
27140
27142
27150
27157
27166
27167
27168
27169
27170
27176
27177
27178
27179
27181
27182
27184
27186
27187
27189
27192
27194
27195
27197
27203
27208
27211
27217
27219
27221
27225
27229
27231
27233
27237
27239
27241
27253
27257
27261
27269
27270
27272
27277
27278
27282
27283
27285
27287
27290
27295
27297
27308
27310
27315
27321
27327
27333
27336
27337
27339
27340
27342
27345
27347
27350
27353
27355
27363
27364
27370
27371
27379
27380
27384
27385
27386
27389
27403
27406
27408
27410
27414
27416
27417
27418
27419
27421
27422
27432
27437
27439
27451
27455
27458
27465
27466
27467
27478
27483
27488
27489
27491
27495
27497
27499
27500
27503
27504
27506
27511
27512
27526
27527
27528
27529
27530
27541
27551
27554
27562
27574
27582
27587
27591
27595
27600
27602
27603
27616
27618
27624
27637
27638
27640
27645
27649
27657
27658
27662
27663
27671
27676
27677
27685
27693
27695
27696
27700
27706
27709
27710
27713
27715
27719
27722
27728
27731
27733
27734
27742
27755
27756
27775
27778
27780
27781
27782
27788
27790
27793
27795
27800
27804
27805
27820
27827
27830
27831
27832
27836
27837
27838
27840
27843
27844
27850
27852
27853
27860
27866
27873
27877
27883
27884
27885
27895
27901
27902
27906
27907
27908
27913
27915
27917
27918
27920
27921
27924
27926
27933
27934
27936
27937
27939
27944
27945
27946
27947
27956
27957
27971
27977
27980
27986
27995
27997
28011
28014
28015
28016
28018
28021
28029
28035
28038
28048
28056
28060
28061
28065
28066
28067
28068
28071
28072
28074
28075
28076
28078
28079
28080
28085
28087
28093
28096
28103
28107
28109
28111
28113
28114
28128
28132
28134
28138
28144
28145
28147
28148
28150
28153
28157
28165
28181
28186
28187
28197
28205
28206
28213
28215
28216
28218
28225
28229
28232
28237
28243
28247
28254
28265
28267
28276
28280
28289
28297
28301
28312
28328
28333
28346
28352
28358
28368
28376
28391
28396
28398
28407
28412
28422
28429
28431
28448
28449
28455
28456
28461
28463
28465
28474
28495
28497
28498
28500
28503
28523
28528
28534
28542
28546
28556
28559
28566
28571
28595
28601
28602
28605
28617
28624
28636
28653
28681
28686
28688
28692
28711
28713
28729
28732
28749
28753
28763
28775
28782
28787
28792
28803
28807
28808
28833
28839
28876
